0.000000	0.362944	0.368902	0.375625	0.370887	0.368871	0.362611	0.370699	0.367344	0.368067	0.365358	0.362996	0.361119	0.362940	0.375192	0.372707	0.372187	0.365354	0.367052	0.367206	0.366158	0.369620	
0.362944	0.000000	0.356351	0.373527	0.375502	0.372205	0.356215	0.363978	0.361437	0.353510	0.367385	0.367426	0.360926	0.360625	0.376324	0.377633	0.369384	0.358569	0.359418	0.361183	0.361395	0.357872	
0.368902	0.356351	0.000000	0.373875	0.374632	0.378442	0.355340	0.363550	0.359818	0.362528	0.363740	0.368237	0.364135	0.361785	0.375236	0.375534	0.377408	0.360552	0.353298	0.361980	0.360614	0.354461	
0.375625	0.373527	0.373875	0.000000	0.377601	0.361437	0.364811	0.373327	0.373270	0.372839	0.366910	0.375654	0.377080	0.376613	0.373377	0.373624	0.371883	0.374101	0.374208	0.374407	0.372013	0.376639	
0.370887	0.375502	0.374632	0.377601	0.000000	0.367143	0.363447	0.369906	0.374014	0.373873	0.370140	0.378366	0.378825	0.375260	0.377608	0.376442	0.374197	0.378598	0.372977	0.380015	0.376579	0.374591	
0.368871	0.372205	0.378442	0.361437	0.367143	0.000000	0.363081	0.370659	0.368949	0.366771	0.376091	0.375792	0.376208	0.376299	0.373166	0.376854	0.374321	0.377187	0.373042	0.376534	0.374871	0.377761	
0.362611	0.356215	0.355340	0.364811	0.363447	0.363081	0.000000	0.356177	0.357291	0.355686	0.361235	0.364477	0.363391	0.360699	0.374110	0.371854	0.373086	0.360204	0.358476	0.358267	0.355253	0.358836	
0.370699	0.363978	0.363550	0.373327	0.369906	0.370659	0.356177	0.000000	0.363252	0.365173	0.364132	0.362751	0.364245	0.363827	0.376582	0.377749	0.378268	0.360370	0.364531	0.363654	0.362159	0.366548	
0.367344	0.361437	0.359818	0.373270	0.374014	0.368949	0.357291	0.363252	0.000000	0.359590	0.365796	0.363675	0.364547	0.360799	0.375507	0.374414	0.375476	0.361028	0.363046	0.363884	0.362235	0.362931	
0.368067	0.353510	0.362528	0.372839	0.373873	0.366771	0.355686	0.365173	0.359590	0.000000	0.359071	0.367798	0.359250	0.370092	0.379046	0.377404	0.374913	0.361474	0.364209	0.364433	0.362324	0.364473	
0.365358	0.367385	0.363740	0.366910	0.370140	0.376091	0.361235	0.364132	0.365796	0.359071	0.000000	0.362355	0.361571	0.366397	0.373230	0.371188	0.373503	0.359218	0.360011	0.363298	0.359978	0.367034	
0.362996	0.367426	0.368237	0.375654	0.378366	0.375792	0.364477	0.362751	0.363675	0.367798	0.362355	0.000000	0.356003	0.360355	0.370338	0.370657	0.373382	0.356643	0.363944	0.359635	0.358028	0.364410	
0.361119	0.360926	0.364135	0.377080	0.378825	0.376208	0.363391	0.364245	0.364547	0.359250	0.361571	0.356003	0.000000	0.359339	0.369715	0.368061	0.375088	0.356993	0.359724	0.354238	0.358998	0.357850	
0.362940	0.360625	0.361785	0.376613	0.375260	0.376299	0.360699	0.363827	0.360799	0.370092	0.366397	0.360355	0.359339	0.000000	0.365308	0.368517	0.372140	0.352689	0.362170	0.356359	0.359738	0.361781	
0.375192	0.376324	0.375236	0.373377	0.377608	0.373166	0.374110	0.376582	0.375507	0.379046	0.373230	0.370338	0.369715	0.365308	0.000000	0.361519	0.369617	0.366490	0.373363	0.362169	0.372781	0.371946	
0.372707	0.377633	0.375534	0.373624	0.376442	0.376854	0.371854	0.377749	0.374414	0.377404	0.371188	0.370657	0.368061	0.368517	0.361519	0.000000	0.368051	0.369985	0.366762	0.366353	0.373072	0.366355	
0.372187	0.369384	0.377408	0.371883	0.374197	0.374321	0.373086	0.378268	0.375476	0.374913	0.373503	0.373382	0.375088	0.372140	0.369617	0.368051	0.000000	0.374868	0.367476	0.369588	0.370230	0.370098	
0.365354	0.358569	0.360552	0.374101	0.378598	0.377187	0.360204	0.360370	0.361028	0.361474	0.359218	0.356643	0.356993	0.352689	0.366490	0.369985	0.374868	0.000000	0.361361	0.352494	0.353826	0.357040	
0.367052	0.359418	0.353298	0.374208	0.372977	0.373042	0.358476	0.364531	0.363046	0.364209	0.360011	0.363944	0.359724	0.362170	0.373363	0.366762	0.367476	0.361361	0.000000	0.358731	0.351073	0.357366	
0.367206	0.361183	0.361980	0.374407	0.380015	0.376534	0.358267	0.363654	0.363884	0.364433	0.363298	0.359635	0.354238	0.356359	0.362169	0.366353	0.369588	0.352494	0.358731	0.000000	0.354594	0.354361	
0.366158	0.361395	0.360614	0.372013	0.376579	0.374871	0.355253	0.362159	0.362235	0.362324	0.359978	0.358028	0.358998	0.359738	0.372781	0.373072	0.370230	0.353826	0.351073	0.354594	0.000000	0.358332	
0.369620	0.357872	0.354461	0.376639	0.374591	0.377761	0.358836	0.366548	0.362931	0.364473	0.367034	0.364410	0.357850	0.361781	0.371946	0.366355	0.370098	0.357040	0.357366	0.354361	0.358332	0.000000	
